
The parity check matrix for the dual of Q(5,5) minus a spread is a 25b x 
6b matrix, where b is 126.

The 1 coordinates of the first row of the circulants in the q^2x(q+1) rep matrix is gi\
ven by Hrep. The length of the code is 756 and the check matrix has rank 
651, so the full code has dimension 105.

The generator matrix for the code is given by Gbin,  where Gbin is quasi cyclic 1b x 
6b matrix, whose first rows are in the matrix Gbin.

The code has dimension 105 so the rate is 0.1388888888888889.

 Hrep is
[ [ [ 23 ], [ 18, 8 ], [ 63 ], [  ], [  ], [ 125, 25 ] ], 
  [ [ 110, 67 ], [  ], [ 85, 46 ], [  ], [ 93, 42 ], [  ] ], 
  [ [  ], [ 93, 74 ], [ 79, 62 ], [  ], [  ], [ 88, 77 ] ], 
  [ [ 79, 43 ], [  ], [  ], [ 11 ], [ 114, 92 ], [ 50 ] ], 
  [ [  ], [ 84, 4 ], [ 94 ], [  ], [ 105, 87 ], [ 43 ] ], 
  [ [  ], [  ], [  ], [ 77, 22 ], [ 31, 0 ], [ 109, 68 ] ], 
  [ [ 89, 77 ], [ 10 ], [  ], [ 96 ], [  ], [ 92, 52 ] ], 
  [ [ 37 ], [  ], [ 81, 73 ], [  ], [ 118, 40 ], [ 89 ] ], 
  [ [  ], [  ], [ 35, 3 ], [ 121, 115 ], [ 84 ], [ 94 ] ], 
  [ [ 22, 20 ], [  ], [ 71, 51 ], [ 97 ], [ 63 ], [  ] ], 
  [ [ 66 ], [  ], [  ], [ 93, 65 ], [ 45 ], [ 74, 36 ] ], 
  [ [ 94, 91 ], [ 38, 1 ], [  ], [  ], [  ], [ 116, 47 ] ], 
  [ [  ], [ 120, 60 ], [ 77 ], [ 87, 13 ], [ 79 ], [  ] ], 
  [ [ 114, 61 ], [  ], [  ], [  ], [ 70, 63 ], [ 18, 9 ] ], 
  [ [  ], [ 24, 9 ], [  ], [ 119, 86 ], [ 98, 39 ], [  ] ], 
  [ [ 80, 45 ], [ 122, 109 ], [  ], [ 98, 53 ], [  ], [  ] ], 
  [ [  ], [ 29 ], [ 108, 50 ], [  ], [ 18 ], [ 119, 63 ] ], 
  [ [  ], [ 113 ], [ 37 ], [ 114, 32 ], [  ], [ 124, 100 ] ], 
  [ [ 42 ], [  ], [ 97, 67 ], [ 118 ], [  ], [ 111, 77 ] ], 
  [ [ 70, 54 ], [ 79, 25 ], [ 39 ], [ 12 ], [  ], [  ] ], 
  [ [ 100, 75 ], [ 78, 77 ], [  ], [  ], [ 69, 64 ], [  ] ], 
  [ [  ], [ 100, 51 ], [ 112, 13 ], [  ], [ 95, 34 ], [  ] ], 
  [ [  ], [ 121 ], [  ], [ 83, 79 ], [ 72, 22 ], [ 57 ] ], 
  [ [ 122 ], [ 49 ], [ 106, 92 ], [ 103, 41 ], [  ], [  ] ], 
  [ [ 50, 21 ], [  ], [ 24, 1 ], [ 88, 9 ], [  ], [  ] ] ]
 Gbin is 
[ [ [ 1, 1, 1, 1, 0, 0, 0, 1, 1, 0, 0, 0, 0, 0, 0, 0, 0, 0, 0, 0, 1, 1, 0, 0, 1, 1, 
          1, 0, 1, 1, 0, 0, 0, 0, 0, 1, 1, 1, 0, 1, 0, 0, 1, 1, 0, 0, 1, 0, 0, 1, 1, 
          0, 1, 1, 1, 0, 0, 0, 1, 1, 1, 0, 0, 0, 0, 0, 0, 1, 1, 1, 0, 0, 0, 1, 1, 1, 
          0, 1, 1, 0, 0, 1, 0, 0, 1, 1, 0, 0, 1, 0, 1, 1, 1, 0, 0, 0, 0, 0, 1, 1, 0, 
          1, 1, 1, 0, 0, 1, 1, 0, 0, 0, 0, 0, 0, 0, 0, 0, 0, 0, 1, 1, 0, 0, 0, 1, 1 ],
      [ 1, 1, 1, 1, 1, 0, 0, 0, 0, 1, 0, 1, 1, 1, 0, 0, 0, 0, 0, 1, 1, 0, 1, 1, 1, 0, 
          1, 0, 1, 0, 0, 1, 1, 1, 1, 0, 1, 0, 0, 0, 1, 1, 1, 1, 0, 0, 1, 1, 1, 0, 1, 
          1, 0, 1, 1, 0, 1, 1, 0, 1, 1, 1, 0, 0, 1, 1, 1, 1, 0, 0, 0, 1, 0, 1, 1, 1, 
          1, 0, 0, 1, 0, 1, 0, 1, 1, 1, 0, 1, 1, 0, 0, 0, 0, 0, 1, 1, 1, 0, 1, 0, 0, 
          0, 0, 1, 1, 1, 1, 1, 0, 0, 0, 1, 1, 0, 0, 1, 1, 1, 1, 0, 0, 1, 1, 0, 0, 0 ],
      [ 0, 0, 1, 0, 1, 0, 0, 1, 1, 0, 1, 0, 0, 1, 0, 0, 0, 0, 0, 0, 1, 1, 1, 0, 0, 0, 
          1, 1, 0, 0, 1, 1, 1, 0, 1, 0, 0, 1, 0, 1, 1, 1, 1, 0, 1, 0, 0, 1, 0, 1, 1, 
          1, 0, 0, 1, 1, 0, 0, 0, 1, 1, 1, 0, 0, 0, 0, 0, 0, 1, 0, 0, 1, 0, 1, 1, 0, 
          0, 1, 0, 1, 0, 0, 1, 0, 0, 1, 1, 0, 0, 0, 1, 0, 0, 0, 1, 0, 0, 1, 1, 0, 1, 
          0, 0, 1, 1, 0, 0, 1, 0, 1, 1, 0, 0, 1, 0, 0, 0, 1, 0, 0, 0, 1, 1, 0, 0, 1 ],
      [ 1, 0, 1, 1, 1, 1, 0, 0, 0, 1, 0, 1, 1, 0, 0, 1, 1, 0, 1, 0, 0, 0, 1, 1, 1, 1, 
          0, 1, 1, 0, 0, 0, 1, 0, 1, 0, 0, 0, 0, 0, 1, 1, 1, 1, 0, 0, 1, 0, 0, 1, 1, 
          0, 0, 1, 0, 0, 1, 1, 0, 1, 1, 0, 1, 1, 1, 1, 0, 0, 1, 1, 0, 0, 0, 1, 1, 0, 
          0, 0, 0, 1, 1, 0, 0, 0, 1, 1, 0, 0, 1, 1, 1, 1, 0, 1, 1, 0, 1, 1, 0, 0, 1, 
          0, 0, 1, 1, 0, 0, 1, 0, 0, 1, 1, 1, 1, 0, 0, 0, 0, 0, 1, 0, 1, 0, 0, 0, 1 ],
      [ 1, 1, 0, 0, 0, 1, 0, 0, 1, 0, 0, 1, 0, 0, 1, 0, 0, 1, 1, 0, 0, 1, 0, 1, 0, 0, 
          0, 0, 1, 0, 1, 0, 0, 0, 0, 0, 0, 1, 1, 0, 0, 1, 0, 0, 1, 0, 0, 1, 1, 0, 0, 
          0, 0, 0, 0, 1, 0, 1, 0, 0, 0, 0, 1, 0, 1, 0, 0, 1, 1, 0, 0, 1, 0, 0, 1, 0, 
          0, 1, 0, 0, 1, 0, 0, 0, 1, 1, 1, 0, 0, 1, 0, 1, 1, 0, 1, 0, 1, 1, 1, 0, 1, 
          0, 1, 0, 1, 1, 1, 1, 0, 1, 0, 1, 0, 1, 1, 1, 0, 1, 0, 1, 1, 0, 1, 0, 0, 1 ],
      [ 1, 0, 0, 0, 0, 0, 0, 0, 0, 0, 0, 0, 0, 0, 0, 0, 0, 0, 0, 0, 0, 0, 0, 0, 0, 0, 
          0, 0, 0, 0, 0, 0, 0, 0, 0, 0, 0, 0, 0, 0, 0, 0, 0, 0, 0, 0, 0, 0, 0, 0, 0, 
          0, 0, 0, 0, 0, 0, 0, 0, 0, 0, 0, 0, 0, 0, 0, 0, 0, 0, 0, 0, 0, 0, 0, 0, 0, 
          0, 0, 0, 0, 0, 0, 0, 0, 0, 0, 0, 0, 0, 0, 0, 0, 0, 0, 0, 0, 0, 0, 0, 0, 0, 
          0, 0, 0, 0, 1, 0, 0, 0, 0, 0, 0, 0, 0, 0, 0, 0, 0, 0, 0, 0, 0, 0, 0, 0, 0 ] 
     ] ]
